glyphs 48 1024 512
g 32 930 261 0 0 0 0
g 33 912 128 8 36 3 35
g 34 642 261 15 14 4 35
g 35 273 174 30 35 0 35
g 36 856 8 27 45 2 40
g 37 39 128 38 37 5 36
g 38 85 128 29 37 2 36
g 39 665 261 7 14 4 35
g 40 891 8 12 45 4 38
g 41 911 8 11 45 2 38
g 42 468 261 19 20 3 35
g 43 254 261 24 24 4 26
g 44 596 261 9 15 2 6
g 45 853 261 16 5 3 17
g 46 760 261 8 8 3 7
g 47 294 75 17 43 0 37
g 48 122 128 27 37 2 36
g 49 311 174 15 35 2 35
g 50 928 128 24 36 3 36
g 51 157 128 26 37 2 36
g 52 334 174 27 35 2 35
g 53 960 128 25 36 2 35
g 54 191 128 26 37 2 36
g 55 369 174 24 35 2 35
g 56 225 128 26 37 2 36
g 57 259 128 26 37 2 36
g 58 174 261 8 26 3 25
g 59 478 218 10 34 2 25
g 60 869 218 23 27 4 27
g 61 566 261 22 16 5 22
g 62 900 218 24 27 5 27
g 63 293 128 22 37 1 36
g 64 930 8 43 45 2 35
g 65 401 174 32 35 1 35
g 66 441 174 27 35 3 35
g 67 323 128 31 37 2 36
g 68 476 174 30 35 3 35
g 69 514 174 23 35 3 35
g 70 545 174 23 35 3 35
g 71 362 128 32 37 2 36
g 72 576 174 29 35 3 35
g 73 613 174 7 35 3 35
g 74 993 128 22 36 2 35
g 75 628 174 29 35 3 35
g 76 665 174 23 35 3 35
g 77 696 174 37 35 3 35
g 78 741 174 30 35 3 35
g 79 402 128 33 37 2 36
g 80 779 174 26 35 3 35
g 81 389 75 33 40 2 36
g 82 813 174 27 35 3 35
g 83 443 128 27 37 2 36
g 84 848 174 28 35 2 35
g 85 8 174 29 36 3 35
g 86 884 174 32 35 1 35
g 87 924 174 46 35 1 35
g 88 978 174 32 35 1 35
g 89 8 218 32 35 1 35
g 90 48 218 26 35 2 35
g 91 981 8 11 45 4 38
g 92 319 75 17 43 0 37
g 93 1000 8 11 45 2 38
g 94 613 261 21 15 1 34
g 95 877 261 23 5 0 0
g 96 776 261 10 8 3 37
g 97 594 218 23 28 1 27
g 98 45 174 25 36 3 35
g 99 625 218 24 28 2 27
g 100 78 174 25 36 2 35
g 101 657 218 25 28 2 27
g 102 478 128 18 37 0 37
g 103 471 75 25 38 2 27
g 104 82 218 23 35 3 35
g 105 504 128 8 37 2 37
g 106 62 8 11 47 -1 37
g 107 113 218 24 35 3 35
g 108 145 218 6 35 3 35
g 109 932 218 37 27 3 27
g 110 977 218 23 27 3 27
g 111 690 218 25 28 2 27
g 112 520 128 25 37 3 27
g 113 553 128 25 37 2 27
g 114 8 261 15 27 3 27
g 115 723 218 22 28 2 27
g 116 496 218 16 34 0 33
g 117 753 218 23 28 3 27
g 118 31 261 26 27 1 27
g 119 65 261 38 27 1 27
g 120 111 261 25 27 1 27
g 121 586 128 26 37 1 27
g 122 144 261 22 27 2 27
g 123 8 75 16 45 3 38
g 124 8 8 6 59 5 47
g 125 32 75 16 45 2 38
g 126 726 261 26 10 3 19
g 160 938 261 0 0 0 0
g 161 111 174 8 36 3 27
g 162 159 218 24 35 2 35
g 163 127 174 26 36 2 36
g 164 520 218 31 31 2 30
g 165 191 218 27 35 0 35
g 166 344 75 6 42 4 35
g 167 263 75 23 44 2 36
g 168 828 261 17 7 6 37
g 169 620 128 37 37 3 36
g 170 386 261 19 21 1 36
g 171 318 261 26 23 2 26
g 172 697 261 21 11 5 18
g 174 784 218 28 28 2 36
g 175 908 261 14 5 4 36
g 176 540 261 18 17 2 36
g 177 190 261 24 26 4 27
g 178 495 261 18 20 2 41
g 179 413 261 18 21 2 41
g 180 794 261 10 8 3 37
g 181 665 128 26 37 3 27
g 182 226 218 24 35 2 35
g 183 812 261 8 8 3 21
g 184 680 261 9 12 4 2
g 185 521 261 11 20 2 41
g 186 439 261 21 21 1 36
g 187 352 261 26 23 1 26
g 188 258 218 37 35 1 35
g 189 303 218 39 35 1 35
g 190 161 174 40 36 2 36
g 191 699 128 22 37 2 27
g 192 383 8 32 46 1 46
g 193 423 8 32 46 1 46
g 194 463 8 32 46 1 46
g 195 56 75 32 45 1 45
g 196 96 75 32 45 1 45
g 197 22 8 32 48 1 48
g 198 350 218 45 35 1 35
g 199 503 8 31 46 2 36
g 200 542 8 23 46 3 46
g 201 573 8 23 46 3 46
g 202 604 8 23 46 3 46
g 203 136 75 23 45 3 45
g 204 635 8 10 46 0 46
g 205 653 8 11 46 3 46
g 206 672 8 17 46 -2 46
g 207 167 75 17 45 -2 45
g 208 403 218 34 35 0 35
g 209 192 75 30 45 3 45
g 210 81 8 33 47 2 46
g 211 122 8 33 47 2 46
g 212 163 8 33 47 2 46
g 213 697 8 33 46 2 45
g 214 738 8 33 46 2 45
g 215 286 261 24 24 4 26
g 216 430 75 33 39 2 37
g 217 204 8 29 47 3 46
g 218 241 8 29 47 3 46
g 219 278 8 29 47 3 46
g 220 779 8 29 46 3 45
g 221 816 8 32 46 1 46
g 222 445 218 25 35 3 35
g 223 209 174 25 36 3 36
g 224 504 75 23 38 1 37
g 225 535 75 23 38 1 37
g 226 566 75 23 38 1 37
g 227 729 128 23 37 1 36
g 228 597 75 23 38 1 37
g 229 358 75 23 41 1 40
g 230 820 218 41 28 1 27
g 231 760 128 24 37 2 27
g 232 628 75 25 38 2 37
g 233 661 75 25 38 2 37
g 234 694 75 25 38 2 37
g 235 727 75 25 38 2 37
g 236 792 128 10 37 -1 37
g 237 810 128 10 37 3 37
g 238 828 128 18 37 -3 37
g 239 854 128 17 37 -2 37
g 240 760 75 24 38 2 37
g 241 242 174 23 36 3 36
g 242 792 75 25 38 2 37
g 243 825 75 25 38 2 37
g 244 858 75 25 38 2 37
g 245 879 128 25 37 2 36
g 246 891 75 25 38 2 37
g 247 222 261 24 26 4 27
g 248 559 218 27 30 1 28
g 249 924 75 23 38 3 37
g 250 955 75 23 38 3 37
g 251 986 75 23 38 3 37
g 252 8 128 23 38 3 37
g 253 315 8 26 47 1 37
g 254 230 75 25 45 3 35
g 255 349 8 26 47 1 37
