glyphs 48 1024 512
g 32 112 298 0 0 0 0
g 33 40 174 9 36 3 35
g 34 802 262 17 15 4 35
g 35 393 174 31 35 0 35
g 36 972 8 27 45 2 40
g 37 170 128 40 37 4 36
g 38 218 128 30 37 2 36
g 39 827 262 7 15 4 35
g 40 8 75 13 45 4 38
g 41 29 75 13 45 1 38
g 42 687 262 20 20 3 35
g 43 456 262 24 24 4 26
g 44 842 262 10 15 2 6
g 45 34 298 17 6 3 18
g 46 941 262 9 9 3 8
g 47 335 75 18 43 0 37
g 48 256 128 28 37 2 36
g 49 432 174 15 35 2 35
g 50 57 174 26 36 2 36
g 51 292 128 27 37 2 36
g 52 455 174 28 35 2 35
g 53 91 174 25 36 2 35
g 54 327 128 27 37 2 36
g 55 491 174 25 35 1 35
g 56 362 128 27 37 2 36
g 57 397 128 27 37 2 36
g 58 374 262 9 26 3 25
g 59 620 219 10 34 2 25
g 60 736 219 25 28 3 28
g 61 741 262 24 17 4 22
g 62 769 219 24 28 5 28
g 63 432 128 23 37 1 36
g 64 50 75 44 45 2 35
g 65 524 174 33 35 1 35
g 66 565 174 27 35 3 35
g 67 463 128 32 37 2 36
g 68 600 174 30 35 3 35
g 69 638 174 24 35 3 35
g 70 670 174 23 35 3 35
g 71 503 128 32 37 2 36
g 72 701 174 30 35 3 35
g 73 739 174 7 35 3 35
g 74 124 174 24 36 1 35
g 75 754 174 30 35 3 35
g 76 792 174 23 35 3 35
g 77 823 174 38 35 3 35
g 78 869 174 30 35 3 35
g 79 543 128 33 37 2 36
g 80 907 174 26 35 3 35
g 81 434 75 33 40 2 36
g 82 941 174 28 35 3 35
g 83 584 128 27 37 2 36
g 84 977 174 29 35 1 35
g 85 156 174 29 36 3 35
g 86 8 219 33 35 1 35
g 87 49 219 47 35 1 35
g 88 104 219 33 35 1 35
g 89 145 219 33 35 1 35
g 90 186 219 27 35 2 35
g 91 102 75 12 45 4 38
g 92 361 75 18 43 0 37
g 93 122 75 12 45 2 38
g 94 773 262 21 16 1 35
g 95 59 298 23 5 0 0
g 96 975 262 10 8 3 37
g 97 801 219 24 28 1 27
g 98 193 174 25 36 3 35
g 99 833 219 24 28 2 27
g 100 226 174 25 36 2 35
g 101 865 219 25 28 2 27
g 102 619 128 19 37 0 37
g 103 516 75 25 38 2 27
g 104 221 219 24 35 3 35
g 105 646 128 8 37 2 37
g 106 64 8 11 47 -1 37
g 107 253 219 24 35 3 35
g 108 285 219 7 35 3 35
g 109 93 262 37 27 3 27
g 110 138 262 24 27 3 27
g 111 898 219 26 28 2 27
g 112 662 128 25 37 3 27
g 113 695 128 25 37 2 27
g 114 170 262 16 27 3 27
g 115 932 219 23 28 2 27
g 116 638 219 17 34 0 33
g 117 963 219 24 28 3 27
g 118 194 262 28 27 0 27
g 119 230 262 39 27 1 27
g 120 277 262 26 27 1 27
g 121 728 128 28 37 0 27
g 122 311 262 23 27 2 27
g 123 142 75 17 45 3 38
g 124 8 8 7 59 5 47
g 125 167 75 17 45 2 38
g 126 907 262 26 11 3 19
g 160 120 298 0 0 0 0
g 161 259 174 9 36 3 27
g 162 300 219 24 35 2 35
g 163 276 174 26 36 2 36
g 164 663 219 30 31 3 30
g 165 332 219 27 35 0 35
g 166 387 75 7 42 4 35
g 167 304 75 23 44 2 36
g 168 8 298 18 7 6 37
g 169 764 128 37 37 3 36
g 170 559 262 19 21 1 36
g 171 488 262 27 23 2 26
g 172 860 262 21 13 5 19
g 174 8 262 28 28 2 36
g 175 90 298 14 5 4 36
g 176 715 262 18 18 2 36
g 177 391 262 24 26 4 27
g 178 586 262 18 21 2 41
g 179 612 262 19 21 2 41
g 180 993 262 11 8 3 37
g 181 809 128 27 37 3 27
g 182 367 219 24 35 2 35
g 183 958 262 9 9 3 21
g 184 889 262 10 12 4 2
g 185 639 262 11 21 2 41
g 186 658 262 21 21 1 36
g 187 523 262 28 23 1 26
g 188 399 219 38 35 1 35
g 189 445 219 39 35 1 35
g 190 310 174 41 36 1 36
g 191 844 128 23 37 2 27
g 192 467 8 33 46 1 46
g 193 508 8 33 46 1 46
g 194 549 8 33 46 1 46
g 195 192 75 33 45 1 45
g 196 590 8 33 46 1 46
g 197 23 8 33 48 1 48
g 198 492 219 45 35 1 35
g 199 631 8 32 46 2 36
g 200 671 8 24 46 3 46
g 201 703 8 24 46 3 46
g 202 735 8 24 46 3 46
g 203 767 8 24 46 3 46
g 204 799 8 11 46 -1 46
g 205 818 8 11 46 3 46
g 206 837 8 19 46 -3 46
g 207 864 8 18 46 -2 46
g 208 545 219 34 35 0 35
g 209 233 75 30 45 3 45
g 210 83 8 33 47 2 46
g 211 124 8 33 47 2 46
g 212 165 8 33 47 2 46
g 213 890 8 33 46 2 45
g 214 206 8 33 47 2 46
g 215 423 262 25 25 4 26
g 216 475 75 33 39 2 37
g 217 247 8 29 47 3 46
g 218 284 8 29 47 3 46
g 219 321 8 29 47 3 46
g 220 358 8 29 47 3 46
g 221 931 8 33 46 1 46
g 222 587 219 25 35 3 35
g 223 359 174 26 36 3 36
g 224 549 75 24 38 1 37
g 225 581 75 24 38 1 37
g 226 613 75 24 38 1 37
g 227 645 75 24 38 1 37
g 228 677 75 24 38 1 37
g 229 402 75 24 41 1 40
g 230 44 262 41 28 1 27
g 231 875 128 24 37 2 27
g 232 709 75 25 38 2 37
g 233 742 75 25 38 2 37
g 234 775 75 25 38 2 37
g 235 808 75 25 38 2 37
g 236 907 128 11 37 -1 37
g 237 926 128 11 37 3 37
g 238 945 128 19 37 -3 37
g 239 972 128 18 37 -3 37
g 240 841 75 25 38 2 37
g 241 8 174 24 37 3 37
g 242 874 75 26 38 2 37
g 243 908 75 26 38 2 37
g 244 942 75 26 38 2 37
g 245 976 75 26 38 2 37
g 246 8 128 26 38 2 37
g 247 342 262 24 27 4 27
g 248 701 219 27 30 1 28
g 249 42 128 24 38 3 37
g 250 74 128 24 38 3 37
g 251 106 128 24 38 3 37
g 252 138 128 24 38 3 37
g 253 395 8 28 47 0 37
g 254 271 75 25 45 3 35
g 255 431 8 28 47 0 37
