glyphs 24 512 256
g 32 152 153 0 0 0 0
g 33 123 65 5 19 1 18
g 34 482 134 9 8 2 18
g 35 169 89 16 18 0 18
g 36 260 4 14 23 1 20
g 37 132 65 20 19 2 18
g 38 156 65 15 19 1 18
g 39 495 134 4 8 2 18
g 40 278 4 7 23 2 19
g 41 289 4 7 23 0 19
g 42 372 134 11 11 1 18
g 43 319 134 12 12 2 13
g 44 503 134 5 8 1 3
g 45 112 153 9 3 1 9
g 46 61 153 5 5 1 4
g 47 177 38 9 22 0 19
g 48 175 65 14 19 1 18
g 49 189 89 8 18 1 18
g 50 201 89 13 18 1 18
g 51 193 65 14 19 1 18
g 52 218 89 14 18 1 18
g 53 211 65 13 19 1 18
g 54 228 65 14 19 1 18
g 55 236 89 13 18 0 18
g 56 246 65 14 19 1 18
g 57 264 65 14 19 1 18
g 58 80 134 5 14 1 13
g 59 253 89 5 18 1 13
g 60 89 134 13 14 1 14
g 61 453 134 12 9 2 11
g 62 106 134 13 14 2 14
g 63 282 65 12 19 0 18
g 64 300 4 22 23 1 18
g 65 262 89 17 18 0 18
g 66 283 89 14 18 1 18
g 67 298 65 16 19 1 18
g 68 301 89 16 18 1 18
g 69 321 89 13 18 1 18
g 70 338 89 12 18 1 18
g 71 318 65 16 19 1 18
g 72 354 89 16 18 1 18
g 73 374 89 4 18 1 18
g 74 338 65 13 19 0 18
g 75 382 89 16 18 1 18
g 76 402 89 12 18 1 18
g 77 418 89 20 18 1 18
g 78 442 89 16 18 1 18
g 79 355 65 17 19 1 18
g 80 462 89 14 18 1 18
g 81 244 38 17 20 1 18
g 82 480 89 15 18 1 18
g 83 376 65 14 19 1 18
g 84 4 112 15 18 0 18
g 85 394 65 15 19 1 18
g 86 23 112 17 18 0 18
g 87 44 112 24 18 0 18
g 88 72 112 17 18 0 18
g 89 93 112 17 18 0 18
g 90 114 112 14 18 1 18
g 91 326 4 6 23 2 19
g 92 190 38 9 22 0 19
g 93 336 4 6 23 1 19
g 94 4 153 11 8 0 17
g 95 125 153 12 3 0 0
g 96 70 153 6 5 1 19
g 97 430 112 13 15 0 14
g 98 413 65 13 19 1 18
g 99 447 112 12 15 1 14
g 100 430 65 13 19 1 18
g 101 463 112 13 15 1 14
g 102 447 65 10 19 0 19
g 103 265 38 13 20 1 14
g 104 132 112 13 18 1 18
g 105 461 65 4 19 1 19
g 106 12 4 6 24 -1 19
g 107 149 112 13 18 1 18
g 108 166 112 4 18 1 18
g 109 123 134 19 14 1 14
g 110 146 134 13 14 1 14
g 111 480 112 13 15 1 14
g 112 469 65 13 19 1 14
g 113 486 65 13 19 1 14
g 114 163 134 9 14 1 14
g 115 4 134 12 15 1 14
g 116 174 112 9 18 0 17
g 117 20 134 13 15 1 14
g 118 176 134 14 14 0 14
g 119 194 134 20 14 0 14
g 120 218 134 14 14 0 14
g 121 4 89 14 19 0 14
g 122 236 134 12 14 1 14
g 123 346 4 9 23 1 19
g 124 4 4 4 30 2 24
g 125 359 4 9 23 1 19
g 126 34 153 14 6 1 10
g 160 156 153 0 0 0 0
g 161 22 89 5 19 1 14
g 162 187 112 12 18 1 18
g 163 203 112 13 18 1 18
g 164 410 112 16 16 1 15
g 165 220 112 14 18 0 18
g 166 203 38 4 22 2 18
g 167 211 38 12 22 1 18
g 168 99 153 9 4 3 19
g 169 31 89 19 19 1 18
g 170 387 134 10 11 0 18
g 171 335 134 14 12 1 13
g 172 19 153 11 7 2 10
g 174 252 134 14 14 1 18
g 175 141 153 7 3 2 18
g 176 469 134 9 9 1 18
g 177 270 134 12 14 2 14
g 178 401 134 9 11 1 21
g 179 414 134 10 11 1 21
g 180 80 153 6 5 1 19
g 181 54 89 14 19 1 14
g 182 238 112 12 18 1 18
g 183 90 153 5 5 1 11
g 184 52 153 5 6 2 1
g 185 428 134 6 11 1 21
g 186 438 134 11 11 0 18
g 187 353 134 15 12 0 13
g 188 254 112 20 18 0 18
g 189 278 112 20 18 0 18
g 190 302 112 21 18 0 18
g 191 72 89 12 19 1 14
g 192 372 4 17 23 0 23
g 193 393 4 17 23 0 23
g 194 414 4 17 23 0 23
g 195 435 4 17 23 0 23
g 196 456 4 17 23 0 23
g 197 22 4 17 24 0 24
g 198 327 112 23 18 0 18
g 199 477 4 16 23 1 18
g 200 4 38 13 23 1 23
g 201 21 38 13 23 1 23
g 202 38 38 13 23 1 23
g 203 55 38 13 23 1 23
g 204 72 38 6 23 -1 23
g 205 82 38 6 23 1 23
g 206 92 38 10 23 -2 23
g 207 106 38 9 23 -1 23
g 208 354 112 17 18 0 18
g 209 119 38 16 23 1 23
g 210 43 4 17 24 1 23
g 211 64 4 17 24 1 23
g 212 85 4 17 24 1 23
g 213 106 4 17 24 1 23
g 214 127 4 17 24 1 23
g 215 302 134 13 13 2 13
g 216 282 38 17 20 1 19
g 217 148 4 15 24 1 23
g 218 167 4 15 24 1 23
g 219 186 4 15 24 1 23
g 220 205 4 15 24 1 23
g 221 139 38 17 23 0 23
g 222 375 112 13 18 1 18
g 223 392 112 14 18 1 18
g 224 303 38 13 20 0 19
g 225 320 38 13 20 0 19
g 226 337 38 13 20 0 19
g 227 354 38 13 20 0 19
g 228 371 38 13 20 0 19
g 229 227 38 13 21 0 20
g 230 37 134 21 15 0 14
g 231 88 89 12 19 1 14
g 232 388 38 13 20 1 19
g 233 405 38 13 20 1 19
g 234 422 38 13 20 1 19
g 235 439 38 13 20 1 19
g 236 104 89 6 19 -1 19
g 237 114 89 6 19 1 19
g 238 124 89 10 19 -2 19
g 239 138 89 10 19 -2 19
g 240 456 38 13 20 1 19
g 241 152 89 13 19 1 19
g 242 473 38 13 20 1 19
g 243 490 38 13 20 1 19
g 244 4 65 13 20 1 19
g 245 21 65 13 20 1 19
g 246 38 65 13 20 1 19
g 247 286 134 12 14 2 14
g 248 62 134 14 15 0 14
g 249 55 65 13 20 1 19
g 250 72 65 13 20 1 19
g 251 89 65 13 20 1 19
g 252 106 65 13 20 1 19
g 253 224 4 14 24 0 19
g 254 160 38 13 23 1 18
g 255 242 4 14 24 0 19
