glyphs 24 512 256
g 32 468 133 0 0 0 0
g 33 499 38 5 19 1 18
g 34 283 133 7 8 2 18
g 35 45 88 15 18 0 18
g 36 10 4 14 24 1 21
g 37 4 65 19 19 2 18
g 38 27 65 15 19 1 18
g 39 294 133 3 8 2 18
g 40 284 4 6 23 2 19
g 41 294 4 6 23 1 19
g 42 192 133 10 11 1 18
g 43 126 133 12 12 2 13
g 44 301 133 4 8 1 3
g 45 429 133 9 3 1 9
g 46 381 133 5 5 1 4
g 47 102 38 9 22 0 19
g 48 46 65 13 19 1 18
g 49 64 88 7 18 1 18
g 50 75 88 12 18 1 18
g 51 63 65 13 19 1 18
g 52 91 88 14 18 1 18
g 53 80 65 12 19 1 18
g 54 96 65 13 19 1 18
g 55 109 88 12 18 1 18
g 56 113 65 13 19 1 18
g 57 130 65 13 19 1 18
g 58 414 111 5 14 1 13
g 59 125 88 5 18 1 13
g 60 423 111 12 14 2 14
g 61 309 133 12 8 2 11
g 62 439 111 12 14 2 14
g 63 147 65 12 19 0 18
g 64 115 38 21 22 1 17
g 65 134 88 16 18 0 18
g 66 154 88 13 18 2 18
g 67 163 65 16 19 1 18
g 68 171 88 14 18 2 18
g 69 189 88 11 18 2 18
g 70 204 88 11 18 2 18
g 71 183 65 16 19 1 18
g 72 219 88 14 18 2 18
g 73 237 88 3 18 2 18
g 74 203 65 11 19 1 18
g 75 244 88 14 18 2 18
g 76 262 88 11 18 2 18
g 77 277 88 18 18 2 18
g 78 299 88 14 18 2 18
g 79 218 65 16 19 1 18
g 80 317 88 13 18 2 18
g 81 191 38 16 20 1 18
g 82 334 88 13 18 2 18
g 83 238 65 14 19 1 18
g 84 351 88 14 18 1 18
g 85 256 65 14 19 2 18
g 86 369 88 16 18 0 18
g 87 389 88 24 18 0 18
g 88 417 88 16 18 0 18
g 89 437 88 16 18 0 18
g 90 457 88 13 18 1 18
g 91 304 4 6 23 2 19
g 92 140 38 9 22 0 19
g 93 314 4 6 23 1 19
g 94 325 133 11 8 0 17
g 95 453 133 11 2 0 0
g 96 390 133 5 5 1 19
g 97 277 111 11 15 1 14
g 98 274 65 13 19 1 18
g 99 292 111 12 15 1 14
g 100 291 65 12 19 1 18
g 101 308 111 12 15 1 14
g 102 307 65 9 19 0 19
g 103 211 38 12 20 1 14
g 104 474 88 12 18 1 18
g 105 320 65 4 19 1 19
g 106 28 4 6 24 -1 19
g 107 490 88 12 18 1 18
g 108 4 111 3 18 1 18
g 109 455 111 19 14 1 14
g 110 478 111 12 14 1 14
g 111 324 111 13 15 1 14
g 112 328 65 13 19 1 14
g 113 345 65 12 19 1 14
g 114 494 111 8 14 1 14
g 115 341 111 11 15 1 14
g 116 11 111 8 18 0 17
g 117 356 111 12 15 1 14
g 118 4 133 13 14 0 14
g 119 21 133 19 14 0 14
g 120 44 133 13 14 0 14
g 121 361 65 13 19 0 14
g 122 61 133 11 14 1 14
g 123 324 4 8 23 1 19
g 124 4 4 2 30 3 24
g 125 336 4 8 23 1 19
g 126 340 133 13 6 1 10
g 160 472 133 0 0 0 0
g 161 378 65 5 19 1 14
g 162 23 111 12 18 1 18
g 163 39 111 13 18 1 18
g 164 257 111 16 16 1 15
g 165 56 111 13 18 0 18
g 166 153 38 3 22 2 18
g 167 160 38 12 22 1 18
g 168 408 133 8 4 3 19
g 169 387 65 19 19 1 18
g 170 206 133 10 11 0 18
g 171 142 133 13 12 1 13
g 172 357 133 11 6 2 9
g 174 76 133 14 14 1 18
g 175 442 133 7 3 2 18
g 176 270 133 9 9 1 18
g 177 94 133 12 14 2 14
g 178 220 133 9 11 1 21
g 179 233 133 9 11 1 21
g 180 399 133 5 5 1 19
g 181 410 65 13 19 1 14
g 182 73 111 12 18 1 18
g 183 420 133 5 4 1 10
g 184 372 133 5 6 1 1
g 185 246 133 5 11 1 21
g 186 255 133 11 11 0 18
g 187 159 133 13 12 0 13
g 188 89 111 19 18 0 18
g 189 112 111 20 18 0 18
g 190 136 111 20 18 1 18
g 191 427 65 11 19 1 14
g 192 348 4 16 23 0 23
g 193 368 4 16 23 0 23
g 194 388 4 16 23 0 23
g 195 408 4 16 23 0 23
g 196 428 4 16 23 0 23
g 197 38 4 16 24 0 24
g 198 160 111 23 18 0 18
g 199 58 4 16 24 1 18
g 200 448 4 11 23 2 23
g 201 463 4 11 23 2 23
g 202 478 4 11 23 2 23
g 203 493 4 11 23 2 23
g 204 4 38 5 23 0 23
g 205 13 38 5 23 2 23
g 206 22 38 8 23 -1 23
g 207 34 38 9 23 -1 23
g 208 187 111 17 18 0 18
g 209 47 38 14 23 2 23
g 210 78 4 16 24 1 23
g 211 98 4 16 24 1 23
g 212 118 4 16 24 1 23
g 213 138 4 16 24 1 23
g 214 158 4 16 24 1 23
g 215 176 133 12 12 2 13
g 216 442 65 16 19 1 18
g 217 178 4 14 24 2 23
g 218 196 4 14 24 2 23
g 219 214 4 14 24 2 23
g 220 232 4 14 24 2 23
g 221 65 38 16 23 0 23
g 222 208 111 13 18 1 18
g 223 225 111 12 18 2 18
g 224 227 38 11 20 1 19
g 225 242 38 11 20 1 19
g 226 257 38 11 20 1 19
g 227 462 65 11 19 1 18
g 228 272 38 11 20 1 19
g 229 176 38 11 21 1 20
g 230 372 111 20 15 1 14
g 231 477 65 12 19 1 14
g 232 287 38 12 20 1 19
g 233 303 38 12 20 1 19
g 234 319 38 12 20 1 19
g 235 335 38 12 20 1 19
g 236 493 65 5 19 -1 19
g 237 502 65 5 19 1 19
g 238 4 88 8 19 -1 19
g 239 16 88 8 19 -1 19
g 240 351 38 12 20 1 19
g 241 241 111 12 18 1 18
g 242 367 38 13 20 1 19
g 243 384 38 13 20 1 19
g 244 401 38 13 20 1 19
g 245 28 88 13 19 1 18
g 246 418 38 13 20 1 19
g 247 110 133 12 13 2 13
g 248 396 111 14 15 0 14
g 249 435 38 12 20 1 19
g 250 451 38 12 20 1 19
g 251 467 38 12 20 1 19
g 252 483 38 12 20 1 19
g 253 250 4 13 24 0 19
g 254 85 38 13 23 1 18
g 255 267 4 13 24 0 19
