glyphs 48 1024 512
g 32 868 261 0 0 0 0
g 33 891 128 8 36 3 35
g 34 573 261 14 14 4 35
g 35 265 174 30 35 0 35
g 36 59 8 27 47 2 41
g 37 38 128 37 37 5 36
g 38 83 128 29 37 2 36
g 39 595 261 6 14 4 35
g 40 865 8 11 45 5 38
g 41 884 8 11 45 2 38
g 42 420 261 20 20 2 35
g 43 210 261 24 23 4 25
g 44 609 261 7 14 3 5
g 45 792 261 16 5 3 17
g 46 702 261 8 8 3 7
g 47 290 75 16 43 1 37
g 48 120 128 26 37 2 36
g 49 303 174 14 35 2 35
g 50 907 128 23 36 3 36
g 51 154 128 25 37 2 36
g 52 325 174 27 35 2 35
g 53 938 128 23 36 3 35
g 54 187 128 25 37 2 36
g 55 360 174 23 35 2 35
g 56 220 128 25 37 2 36
g 57 253 128 25 37 2 36
g 58 70 261 8 26 3 25
g 59 467 218 8 34 3 25
g 60 86 261 23 26 4 27
g 61 515 261 22 15 5 21
g 62 117 261 23 26 5 27
g 63 286 128 22 37 1 36
g 64 209 75 42 44 2 34
g 65 391 174 31 35 1 35
g 66 430 174 25 35 4 35
g 67 316 128 31 37 2 36
g 68 463 174 28 35 4 35
g 69 499 174 22 35 4 35
g 70 529 174 22 35 4 35
g 71 355 128 31 37 2 36
g 72 559 174 28 35 4 35
g 73 595 174 5 35 4 35
g 74 969 128 22 36 2 35
g 75 608 174 27 35 4 35
g 76 643 174 21 35 4 35
g 77 672 174 36 35 4 35
g 78 716 174 28 35 4 35
g 79 394 128 32 37 2 36
g 80 752 174 25 35 4 35
g 81 381 75 32 40 2 36
g 82 785 174 26 35 4 35
g 83 434 128 27 37 2 36
g 84 819 174 27 35 2 35
g 85 8 174 28 36 4 35
g 86 854 174 31 35 1 35
g 87 893 174 46 35 1 35
g 88 947 174 31 35 1 35
g 89 8 218 31 35 1 35
g 90 47 218 26 35 2 35
g 91 903 8 10 45 5 38
g 92 314 75 16 43 1 37
g 93 921 8 11 45 2 38
g 94 545 261 20 15 1 34
g 95 816 261 22 4 0 0
g 96 718 261 9 8 3 37
g 97 579 218 22 28 2 27
g 98 44 174 24 36 3 35
g 99 609 218 24 28 2 27
g 100 76 174 24 36 2 35
g 101 641 218 24 28 2 27
g 102 469 128 18 37 0 37
g 103 453 75 24 38 2 27
g 104 81 218 22 35 3 35
g 105 495 128 7 37 2 37
g 106 94 8 10 47 -1 37
g 107 111 218 23 35 3 35
g 108 142 218 5 35 3 35
g 109 849 218 36 27 3 27
g 110 893 218 22 27 3 27
g 111 673 218 25 28 2 27
g 112 510 128 24 37 3 27
g 113 542 128 24 37 2 27
g 114 923 218 14 27 3 27
g 115 706 218 21 28 2 27
g 116 483 218 15 34 0 33
g 117 735 218 22 28 3 27
g 118 945 218 25 27 1 27
g 119 978 218 37 27 1 27
g 120 8 261 24 27 1 27
g 121 574 128 25 37 1 27
g 122 40 261 22 27 2 27
g 123 940 8 15 45 3 38
g 124 8 8 4 59 6 47
g 125 963 8 16 45 2 38
g 126 669 261 25 10 3 19
g 160 876 261 0 0 0 0
g 161 108 174 8 36 3 27
g 162 155 218 24 35 2 35
g 163 124 174 25 36 2 36
g 164 506 218 31 31 2 30
g 165 187 218 26 35 0 35
g 166 338 75 5 42 4 35
g 167 259 75 23 44 2 36
g 168 752 261 16 7 6 37
g 169 607 128 37 37 3 36
g 170 339 261 18 21 1 36
g 171 242 261 25 23 2 26
g 172 641 261 20 11 5 18
g 174 765 218 28 28 2 36
g 175 846 261 14 4 4 35
g 176 491 261 16 17 3 36
g 177 148 261 23 26 4 27
g 178 448 261 17 20 2 41
g 179 365 261 18 21 2 41
g 180 735 261 9 8 3 37
g 181 652 128 25 37 3 27
g 182 221 218 23 35 2 35
g 183 776 261 8 7 3 20
g 184 624 261 9 12 3 2
g 185 473 261 10 20 2 41
g 186 391 261 21 21 1 36
g 187 275 261 25 23 1 26
g 188 252 218 36 35 1 35
g 189 296 218 38 35 1 35
g 190 157 174 39 36 2 36
g 191 685 128 21 37 2 27
g 192 445 8 31 46 1 46
g 193 484 8 31 46 1 46
g 194 523 8 31 46 1 46
g 195 8 75 31 45 1 45
g 196 47 75 31 45 1 45
g 197 20 8 31 48 1 48
g 198 342 218 44 35 1 35
g 199 112 8 31 47 2 36
g 200 562 8 22 46 4 46
g 201 592 8 22 46 4 46
g 202 622 8 22 46 4 46
g 203 86 75 22 45 4 45
g 204 652 8 9 46 0 46
g 205 669 8 9 46 4 46
g 206 686 8 16 46 -2 46
g 207 116 75 17 45 -2 45
g 208 394 218 33 35 0 35
g 209 141 75 28 45 4 45
g 210 151 8 32 47 2 46
g 211 191 8 32 47 2 46
g 212 231 8 32 47 2 46
g 213 710 8 32 46 2 45
g 214 750 8 32 46 2 45
g 215 308 261 23 23 4 25
g 216 485 75 32 38 2 36
g 217 271 8 28 47 4 46
g 218 307 8 28 47 4 46
g 219 343 8 28 47 4 46
g 220 790 8 28 46 4 45
g 221 826 8 31 46 1 46
g 222 435 218 24 35 3 35
g 223 204 174 23 36 4 36
g 224 525 75 22 38 2 37
g 225 555 75 22 38 2 37
g 226 585 75 22 38 2 37
g 227 714 128 22 37 2 36
g 228 615 75 22 38 2 37
g 229 351 75 22 41 2 40
g 230 801 218 40 28 2 27
g 231 744 128 24 37 2 27
g 232 645 75 24 38 2 37
g 233 677 75 24 38 2 37
g 234 709 75 24 38 2 37
g 235 741 75 24 38 2 37
g 236 776 128 9 37 -1 37
g 237 793 128 9 37 3 37
g 238 810 128 16 37 -2 37
g 239 834 128 16 37 -2 37
g 240 421 75 24 39 2 38
g 241 235 174 22 36 3 36
g 242 773 75 25 38 2 37
g 243 806 75 25 38 2 37
g 244 839 75 25 38 2 37
g 245 858 128 25 37 2 36
g 246 872 75 25 38 2 37
g 247 179 261 23 25 4 26
g 248 545 218 26 30 1 28
g 249 905 75 22 38 3 37
g 250 935 75 22 38 3 37
g 251 965 75 22 38 3 37
g 252 8 128 22 38 3 37
g 253 379 8 25 47 1 37
g 254 177 75 24 45 3 35
g 255 412 8 25 47 1 37
