glyphs 24 512 256
g 32 66 152 0 0 0 0
g 33 52 65 5 19 1 18
g 34 370 134 8 8 2 18
g 35 100 89 15 18 0 18
g 36 260 4 14 23 1 20
g 37 61 65 20 19 2 18
g 38 85 65 15 19 1 18
g 39 382 134 4 8 2 18
g 40 278 4 6 23 2 19
g 41 288 4 6 23 1 19
g 42 278 134 10 11 1 18
g 43 211 134 12 12 2 13
g 44 390 134 5 8 1 3
g 45 26 152 9 3 1 9
g 46 472 134 5 5 1 4
g 47 155 38 9 22 0 19
g 48 104 65 14 19 1 18
g 49 119 89 8 18 1 18
g 50 131 89 13 18 1 18
g 51 122 65 13 19 1 18
g 52 148 89 14 18 1 18
g 53 139 65 13 19 1 18
g 54 156 65 13 19 1 18
g 55 166 89 12 18 1 18
g 56 173 65 13 19 1 18
g 57 190 65 13 19 1 18
g 58 491 112 5 14 1 13
g 59 182 89 5 18 1 13
g 60 4 134 12 14 2 14
g 61 399 134 12 8 2 11
g 62 20 134 12 14 2 14
g 63 207 65 12 19 0 18
g 64 298 4 22 23 1 18
g 65 191 89 17 18 0 18
g 66 212 89 14 18 1 18
g 67 223 65 16 19 1 18
g 68 230 89 16 18 1 18
g 69 250 89 12 18 1 18
g 70 266 89 12 18 1 18
g 71 243 65 16 19 1 18
g 72 282 89 15 18 1 18
g 73 301 89 4 18 1 18
g 74 263 65 11 19 1 18
g 75 309 89 15 18 1 18
g 76 328 89 12 18 1 18
g 77 344 89 19 18 1 18
g 78 367 89 16 18 1 18
g 79 278 65 17 19 1 18
g 80 387 89 14 18 1 18
g 81 220 38 17 20 1 18
g 82 405 89 14 18 1 18
g 83 299 65 14 19 1 18
g 84 423 89 14 18 1 18
g 85 317 65 15 19 1 18
g 86 441 89 17 18 0 18
g 87 462 89 24 18 0 18
g 88 490 89 17 18 0 18
g 89 4 112 17 18 0 18
g 90 25 112 13 18 1 18
g 91 324 4 6 23 2 19
g 92 168 38 9 22 0 19
g 93 334 4 6 23 1 19
g 94 415 134 11 8 0 17
g 95 39 152 12 3 0 0
g 96 481 134 6 5 1 19
g 97 351 112 12 15 0 14
g 98 336 65 13 19 1 18
g 99 367 112 12 15 1 14
g 100 353 65 13 19 1 18
g 101 383 112 13 15 1 14
g 102 370 65 9 19 0 19
g 103 241 38 13 20 1 14
g 104 42 112 12 18 1 18
g 105 383 65 4 19 1 19
g 106 12 4 6 24 -1 19
g 107 58 112 13 18 1 18
g 108 75 112 4 18 1 18
g 109 36 134 19 14 1 14
g 110 59 134 12 14 1 14
g 111 400 112 13 15 1 14
g 112 391 65 13 19 1 14
g 113 408 65 13 19 1 14
g 114 75 134 8 14 1 14
g 115 417 112 11 15 1 14
g 116 83 112 8 18 0 17
g 117 432 112 12 15 1 14
g 118 87 134 14 14 0 14
g 119 105 134 20 14 0 14
g 120 129 134 13 14 0 14
g 121 425 65 14 19 0 14
g 122 146 134 11 14 1 14
g 123 344 4 9 23 1 19
g 124 4 4 4 30 2 24
g 125 357 4 8 23 1 19
g 126 430 134 14 6 1 10
g 160 70 152 0 0 0 0
g 161 443 65 5 19 1 14
g 162 95 112 12 18 1 18
g 163 111 112 13 18 1 18
g 164 331 112 16 16 1 15
g 165 128 112 14 18 0 18
g 166 181 38 3 22 2 18
g 167 188 38 12 22 1 18
g 168 4 152 9 4 3 19
g 169 452 65 19 19 1 18
g 170 292 134 10 11 0 18
g 171 227 134 13 12 1 13
g 172 448 134 11 6 2 9
g 174 161 134 14 14 1 18
g 175 55 152 7 3 2 18
g 176 357 134 9 9 1 18
g 177 179 134 12 14 2 14
g 178 306 134 9 11 1 21
g 179 319 134 9 11 1 21
g 180 491 134 6 5 1 19
g 181 475 65 14 19 1 14
g 182 146 112 12 18 1 18
g 183 17 152 5 4 1 10
g 184 463 134 5 6 2 1
g 185 332 134 6 11 1 21
g 186 342 134 11 11 0 18
g 187 244 134 14 12 0 13
g 188 162 112 19 18 0 18
g 189 185 112 20 18 0 18
g 190 209 112 20 18 1 18
g 191 493 65 11 19 1 14
g 192 369 4 17 23 0 23
g 193 390 4 17 23 0 23
g 194 411 4 17 23 0 23
g 195 432 4 17 23 0 23
g 196 453 4 17 23 0 23
g 197 22 4 17 24 0 24
g 198 233 112 23 18 0 18
g 199 474 4 16 23 1 18
g 200 494 4 12 23 1 23
g 201 4 38 12 23 1 23
g 202 20 38 12 23 1 23
g 203 36 38 12 23 1 23
g 204 52 38 5 23 0 23
g 205 61 38 6 23 1 23
g 206 71 38 9 23 -1 23
g 207 84 38 9 23 -1 23
g 208 260 112 17 18 0 18
g 209 97 38 16 23 1 23
g 210 43 4 17 24 1 23
g 211 64 4 17 24 1 23
g 212 85 4 17 24 1 23
g 213 106 4 17 24 1 23
g 214 127 4 17 24 1 23
g 215 262 134 12 12 2 13
g 216 258 38 17 20 1 19
g 217 148 4 15 24 1 23
g 218 167 4 15 24 1 23
g 219 186 4 15 24 1 23
g 220 205 4 15 24 1 23
g 221 117 38 17 23 0 23
g 222 281 112 13 18 1 18
g 223 298 112 13 18 1 18
g 224 279 38 12 20 0 19
g 225 295 38 12 20 0 19
g 226 311 38 12 20 0 19
g 227 4 89 12 19 0 18
g 228 327 38 12 20 0 19
g 229 204 38 12 21 0 20
g 230 448 112 21 15 0 14
g 231 20 89 12 19 1 14
g 232 343 38 13 20 1 19
g 233 360 38 13 20 1 19
g 234 377 38 13 20 1 19
g 235 394 38 13 20 1 19
g 236 36 89 6 19 -1 19
g 237 46 89 6 19 1 19
g 238 56 89 10 19 -2 19
g 239 70 89 9 19 -1 19
g 240 411 38 12 20 1 19
g 241 315 112 12 18 1 18
g 242 427 38 13 20 1 19
g 243 444 38 13 20 1 19
g 244 461 38 13 20 1 19
g 245 83 89 13 19 1 18
g 246 478 38 13 20 1 19
g 247 195 134 12 14 2 14
g 248 473 112 14 15 0 14
g 249 495 38 12 20 1 19
g 250 4 65 12 20 1 19
g 251 20 65 12 20 1 19
g 252 36 65 12 20 1 19
g 253 224 4 14 24 0 19
g 254 138 38 13 23 1 18
g 255 242 4 14 24 0 19
